351 57 1174244.875
351 248 1345063.625
351 235 1449387.875
351 70 1881345.75
351 44 2130459.75
352 183 1133569.75
352 343 1758606.5
352 5 2016583.375
352 169 2111138.0
352 170 2177297.5
353 44 1190716.375
353 222 1623744.125
353 31 1650548.5
353 209 1730748.625
353 235 1799038.25
354 64 1209311.625
354 241 1567769.25
354 228 1699833.5
354 254 2000211.125
354 51 2036267.125
355 169 1188863.75
355 344 1329896.0
355 6 1631311.25
355 183 1765814.75
355 330 2144242.0
356 174 1383732.75
356 188 1557549.125
356 1 1563007.0
356 13 1667084.5
356 0 2472298.25
357 31 1038674.3125
357 222 1058862.5
357 209 1917688.875
357 44 2031986.25
357 17 2140833.75
358 235 1298178.875
358 57 1336044.125
358 248 1599806.125
358 44 1787121.0
358 222 2057595.25
359 131 1085610.75
359 304 1088134.0
359 144 1855143.5
359 291 1889337.75
359 317 2265696.0
360 40 1158740.5
360 187 1470591.875
360 213 1705205.125
360 27 1877371.0
360 200 1950825.625
361 18 1351274.0
361 183 1460508.125
361 195 1730099.875
361 6 1876689.5
361 5 2254340.5
362 330 1438759.125
362 157 1668479.625
362 169 1689287.125
362 344 1746417.625
362 183 1916921.875
363 228 1284054.5
363 50 1384071.5
363 242 1652089.0
363 38 1732143.25
363 216 2033442.125
364 183 1393156.5
364 18 1538424.625
364 6 1675998.0
364 195 1772054.375
364 5 2363239.25
365 291 1250256.25
365 144 1344475.125
365 118 1836088.625
365 131 1863174.375
365 317 1981321.625
366 209 1056881.25
366 18 1407873.625
366 31 1818348.0
366 222 2110698.25
366 44 2174918.5
367 104 1299905.125
367 279 1389601.0
367 292 1912289.5
367 91 1997087.25
367 266 2149736.5
368 221 1090857.0
368 32 1756315.5
368 44 1816655.875
368 58 1968029.375
368 45 2084927.0
369 64 1141437.875
369 241 1438754.0
369 254 1742588.0
369 228 2009797.25
369 77 2048505.125
370 209 1273746.375
370 32 1650911.375
370 44 1651257.75
370 221 1934098.625
370 18 2000624.375
371 339 1251507.75
371 161 1395286.625
371 148 1720387.5
371 1 1861343.125
371 326 2061448.875
372 303 1051063.5
372 158 1209672.375
372 132 1560566.125
372 290 1700879.875
372 171 1927225.875
373 104 1564180.375
373 293 1655929.625
373 129 1680862.375
373 305 1739583.0
373 279 2147779.75
374 31 1064630.875
374 222 1069607.0
374 209 1884241.0
374 44 1930528.25
374 17 2243248.0
375 277 1409081.25
375 106 1415114.875
375 118 1567765.625
375 265 1584539.25
375 251 1714309.875
376 209 1343421.25
376 44 1610009.125
376 32 1633278.25
376 221 1839473.125
376 18 2092400.75
377 207 1435766.25
377 33 1443397.75
377 208 1499879.625
377 45 1971620.0
377 19 2026547.5
378 106 1192608.875
378 277 1401484.375
378 251 1474675.625
378 265 1730902.875
378 132 1832528.75
379 6 1143404.625
379 169 1279039.0
379 344 1448176.625
379 182 2092882.25
379 183 2103498.75
380 25 1354269.5
380 215 1413630.25
380 201 1730620.125
380 26 1850497.125
380 38 2252550.75
381 6 1038405.0625
381 169 1482871.125
381 344 1682047.625
381 182 1959711.125
381 183 2048515.375
382 222 1364047.125
382 31 1592635.0
382 44 1656493.5
382 57 1692564.0
382 235 1743753.625
383 26 1133765.125
383 201 1397018.0
383 214 1817670.875
383 39 2064077.375
383 13 2321982.0
384 57 1260021.625
384 235 1347118.5
384 248 1497677.0
384 44 1905902.875
384 70 2042621.5
385 306 1241209.25
385 142 1475632.375
385 129 1959239.375
385 128 2003598.125
385 319 2040224.0
386 195 1069109.5
386 32 1398814.25
386 18 1882613.25
386 209 2163911.0
386 19 2169539.5
387 6 1211915.375
387 169 1381439.625
387 344 1598483.5
387 183 1659792.5
387 182 2443734.75
388 187 1049261.0
388 14 1199547.25
388 173 1844957.125
388 28 1880773.625
388 40 2026414.5
389 183 1355088.0
389 343 1472470.75
389 170 1793522.375
389 5 1955814.25
389 330 2074278.375
390 317 1219063.25
390 157 1429256.75
390 330 1610918.5
390 144 1719130.125
390 170 1792500.0
391 209 1222192.5
391 44 1550356.375
391 31 1557522.0
391 222 1713101.25
391 18 2046359.125
392 209 1166686.875
392 18 1292312.375
392 31 1843541.625
392 196 2020092.875
392 222 2165812.0
393 209 1301178.875
393 44 1616566.625
393 32 1659936.0
393 221 1892485.375
393 18 2047480.5
394 44 1336878.75
394 31 1492601.125
394 222 1526711.625
394 209 1550964.875
394 235 2040465.5
395 169 1472975.5
395 183 1541619.375
395 344 1621892.5
395 6 1894797.75
395 330 1946477.25
396 209 1364891.375
396 44 1611341.375
396 32 1617557.25
396 221 1814490.5
396 18 2112898.25
397 32 1081167.625
397 195 1515821.75
397 208 1773903.375
397 209 2289722.5
397 45 2310202.5
398 209 1273529.5
398 32 1637361.0
398 44 1665929.125
398 221 1937867.25
398 18 1991572.625
399 19 1506042.75
399 195 1727644.75
399 208 1746187.5
399 32 1768159.375
399 182 2094864.375
400 317 1363640.125
400 144 1517475.125
400 157 1640262.75
400 304 1871360.875
400 330 1893204.375
401 38 1296578.5
401 216 1479227.25
401 24 1554719.125
401 228 1760887.5
401 202 1890958.0
402 44 1192268.0
402 209 1609789.5
402 31 1681212.125
402 222 1694032.75
402 235 1893938.75
403 157 1420262.0
403 330 1596529.375
403 143 1630909.375
403 318 1793188.5
403 304 1970456.75
404 222 1106899.75
404 31 1318149.875
404 57 1891255.875
404 236 1904432.875
404 43 1914695.0
405 265 1034957.625
405 92 1430691.875
405 118 1750789.5
405 105 1885381.0
405 106 2033527.625
406 209 1270251.125
406 31 1358955.875
406 222 1622373.125
406 18 1768506.25
406 196 2083048.125
407 187 1224031.375
407 40 1454246.375
407 14 1706964.5
407 28 1779642.875
407 199 1845599.625
408 27 1072187.75
408 200 1144515.25
408 13 1973156.0
408 187 2093065.875
408 188 2203290.75
409 169 1183706.5
409 344 1341280.5
409 6 1532429.25
409 183 1750801.125
409 330 2258044.75
410 241 1225926.25
410 64 1342950.375
410 77 1945244.5
410 254 1961461.5
410 51 2051144.125
411 174 1335435.875
411 1 1399655.5
411 14 1488884.375
411 187 1773128.625
411 161 1987393.375
412 169 1327332.5
412 344 1475987.5
412 183 1628511.75
412 6 1753791.5
412 330 2036710.875
413 174 1291126.625
413 1 1435289.875
413 14 1739872.625
413 187 1887933.875
413 27 2083572.625
414 208 1520161.375
414 19 1645671.375
414 32 1825667.25
414 195 1978616.5
414 207 2021472.125
415 40 1224102.5
415 187 1401239.5
415 27 1782497.375
415 213 1797797.125
415 200 1868974.625
416 235 1318286.75
416 44 1436243.75
416 57 1652863.625
416 222 1784220.25
416 248 1980827.25
417 293 1245685.125
417 129 1552837.0
417 104 1697683.75
417 305 2117363.25
417 279 2120353.25
418 44 1222838.625
418 222 1604659.0
418 31 1610710.125
418 209 1663370.5
418 235 1873167.375
419 222 1331640.625
419 43 1484328.125
419 236 1509393.0
419 31 1610745.375
419 57 1737112.125
420 265 1245910.375
420 118 1348661.75
420 92 1822270.75
420 105 1900427.25
420 291 1988728.625
421 187 1300740.125
421 27 1391452.75
421 200 1605371.25
421 14 1689687.125
421 40 2072839.25
422 318 1531938.0
422 304 1688334.125
422 143 1713023.25
422 131 1843796.125
422 117 1997681.75
423 319 1376607.25
423 130 1516473.0
423 155 1699844.875
423 305 1966616.625
423 331 2081095.75
424 132 1343668.375
424 290 1355759.0
424 303 1375716.875
424 145 1456128.875
424 158 1593191.0
425 187 1305701.125
425 40 1350015.375
425 27 1660916.375
425 200 1771747.125
425 14 1932959.25
426 279 1329407.25
426 91 1575324.625
426 266 1614196.125
426 104 1726323.875
426 78 2244085.0
427 174 1259903.875
427 1 1345106.75
427 188 1937940.25
427 13 2075027.0
427 339 2090570.0
428 195 1077302.0
428 18 1577641.875
428 32 1829465.375
428 6 1967364.25
428 209 2156072.75
429 131 1098709.875
429 304 1152461.875
429 291 1731490.875
429 144 1809797.625
429 317 2281113.25
430 144 1164434.125
430 291 1488730.0
430 317 1698593.875
430 131 1806114.375
430 304 1872622.75
431 343 1335126.125
431 170 1370686.75
431 330 1797319.0
431 183 1827665.875
431 157 1920481.125
432 222 1221752.5
432 31 1276645.75
432 44 1563873.75
432 209 1848982.625
432 235 2058246.25
433 18 1323594.125
433 195 1553707.0
433 183 1625736.875
433 6 1864547.0
433 209 2176822.5
434 174 1044330.5625
434 1 1156168.25
434 188 2076677.25
434 13 2123628.0
434 339 2170482.25
435 86 1395809.75
435 246 1478897.0
435 72 1563309.375
435 258 1610324.25
435 232 2063671.875
436 222 1101771.375
436 31 1233037.125
436 44 1790831.875
436 57 2064393.375
436 209 2105515.0
437 44 1264549.75
437 209 1501319.625
437 221 1741031.375
437 32 1995552.75
437 235 2138453.25
438 31 1227358.125
438 222 1386456.375
438 209 1404256.375
438 44 1784812.0
438 18 2131679.75
439 40 1059664.125
439 213 1507339.75
439 187 1674684.125
439 199 1744068.5
439 54 2033629.125
440 86 1300966.75
440 232 1460735.625
440 72 1576430.5
440 246 1647506.875
440 258 1844612.125
441 241 1219167.125
441 51 1567372.75
441 64 1804961.625
441 228 2118344.5
441 227 2161854.25
442 143 1461397.75
442 318 1466232.625
442 304 1481954.5
442 131 1721219.625
442 157 2150168.0
443 161 1318687.0
443 339 1362865.0
443 1 1425526.125
443 174 1650275.375
443 148 2153285.25
444 31 1141930.75
444 222 1185235.375
444 209 1689053.875
444 44 1734568.375
444 235 2341132.75
445 40 1223655.5
445 199 1509747.5
445 187 1587230.125
445 213 1743412.625
445 28 1811437.375
446 44 1387091.75
446 209 1451973.875
446 221 1724278.625
446 32 1829747.375
446 31 2286149.75
447 130 1121965.375
447 305 1596538.125
447 319 1868818.125
447 318 2081218.625
447 331 2208265.0
448 26 1255715.375
448 201 1418007.125
448 214 1834440.0
448 39 2087579.0
448 13 2098034.0
449 52 1498733.0
449 241 1689842.125
449 77 1755695.875
449 253 1772896.375
449 227 2081925.25
450 18 1162372.625
450 209 1242655.0
450 195 1735675.375
450 32 1876338.125
450 31 2397529.0
